
001.jpeg: (0.0, 0.0, 0.0)
002.jpeg: (0.0, 0.0, 0.0)
003.jpeg: (0.0, 0.0, 0.0)
004.jpeg: (0.0, 0.0, 0.0)
005.jpeg: (0.0, 0.0, 0.0)
006.jpeg: (0.0, 0.0, 0.0)
007.jpeg: (0.0, 0.0, 0.0)
008.jpeg: (0.0, 0.0, 0.0)
009.jpeg: (0.0, 0.0, 0.0)
010.jpeg: (0.0, 0.0, 0.0)
011.jpeg: (0.0, 0.0, 0.0)
012.jpeg: (0.0, 0.0, 0.0)
013.jpeg: (0.0, 0.0, 0.0)
014.jpeg: (0.0, 0.0, 0.0)
015.jpeg: (0.0, 0.0, 0.0)
016.jpeg: (0.0, 0.0, 0.0)
017.jpeg: (0.0, 0.0, 0.0)
018.jpeg: (0.0, 0.0, 0.0)
019.jpeg: (0.0, 0.0, 0.0)
020.jpeg: (0.0, 0.0, 0.0)
021.jpeg: (0.0, 0.0, 0.0)
022.jpeg: (0.0, 0.0, 0.0)
023.jpeg: (0.0, 0.0, 0.0)
024.jpeg: (0.0, 0.0, 0.0)
026.jpeg: (0.0, 0.0, 0.0)